  0.25360278823552318     
  0.24527986246405409     
 -0.49486913021042134     
  0.28436731904953927     
  0.16586295732036205     
 -0.26360574379091195     
  -6.3985766315396431E-002
 -0.47373938331674637     
 -0.44515177268129036     
 -0.23461930333915737     
  -5.1749005963541039E-002
 -0.28383786650451714     
 -0.25684359593214634     
 -0.10899681827319196     
  0.17709593349416630     
   1.8462315117059536E-002
  0.43972904277911407     
 -0.12947348642777312     
  0.14403471754995201     
  0.16428350113183021     
  0.22531413244207110     
  -7.9551739209823058E-002
 -0.28232448218252360     
  0.13573470466624116     
 -0.35622323850192816     
  0.13927876664659811     
 -0.39956589181143221     
  0.49897061264245457     
  0.21196863544541888     
  0.25667309589948195     
  0.29985701636405215     
  0.17538516555985151     
  -5.3092196838274708E-002
  0.45214338020756795     
 -0.46177681512856994     
 -0.11485174861717928     
   5.6932867702505718E-002
  -9.7730102240998873E-002
   7.4262917748176394E-002
  0.24982657836157340     
  -4.6728258045144688E-002
  -7.6050236123322845E-002
  0.19694475100589037     
  -1.4193666549061734E-002
  -6.4323096825210202E-002
  0.35542275322475847     
   2.4580662479037896E-002
  0.35387086962406411     
  0.45317332092731955     
 -0.31679001600319223     
 -0.31015556870625660     
  0.31428790594292411     
 -0.37798409160302882     
  -6.5379321343728480E-002
  -5.8122701144581179E-002
 -0.30557291676462472     
  -8.5589469633063797E-002
  0.10415022581387789     
 -0.29063064655781279     
 -0.49434932253846386     
  0.10665754119674486     
   4.4735773685301794E-002
   4.2545723878142372E-003
 -0.15644600647782447     
  0.29481232513691691     
 -0.43289052676485584     
 -0.42516400102047736     
  0.47632621040597500     
  0.28958944738389680     
   8.3295226660071497E-002
  -4.2695852456258954E-002
 -0.45677032542680240     
 -0.11687339711977129     
 -0.19309331776238847     
  0.18406491758873122     
 -0.27235688094354471     
   5.9817301918187127E-002
  0.10792966856115283     
   5.3924401309593750E-002
  0.22460654142610581     
  0.25257340677250795     
 -0.48192709043545046     
 -0.15967486071807258     
 -0.19053609401085458     
  0.23464513640353024     
  0.23029383175393370     
  0.32192260201287870     
  0.36831905591197855     
 -0.42307815080822420     
  -9.0643840410758902E-002
  0.40940838456388784     
 -0.38263661169389107     
  0.31905609817376335     
  0.29276197555482075     
  0.28000766461860205     
 -0.42037089745434009     
  0.26652223620990378     
 -0.45397500998365281     
   8.4601579196555532E-002
  0.48001944890909121     
 -0.33212866146388742     
 -0.19905034714027225     
   8.2803920725124214E-002
  0.19495626380911057     
  0.38872850721981256     
  -4.1023557250662313E-002
  0.47404634607629981     
  0.25680153129084415     
 -0.28688329731868190     
 -0.17380804843239506     
  -7.4936786024744739E-002
  -9.2322600599631044E-002
  0.35287447341581535     
 -0.43766660986000627     
  0.42823950921999265     
  0.30380901409537275     
 -0.40057555494681418     
  0.45484051148535587     
   4.0803909946515615E-002
 -0.38824223406827285     
  0.27534047404128503     
  0.26850152942139949     
 -0.38038311083606968     
 -0.44592047933911683     
 -0.14442390766606428     
  0.16615309146883139     
 -0.19359481516796484     
  0.37282770953213717     
  0.42948446176647859     
  -3.8045813353294045E-002
   6.9094083731624512E-002
   5.7939993125098233E-002
 -0.33488154481733523     
   2.9740815101560569E-002
  0.34126745735905839     
 -0.10031434190728006     
 -0.39669112507794047     
 -0.40096824270588038     
  0.25815029754679009     
  0.31220759293717226     
 -0.41365047875764527     
  0.40086479643709061     
 -0.37320094379369440     
 -0.12418767197636615     
  0.19604987986913147     
  0.24385682893135685     
 -0.16408582805125416     
  0.38846944815847517     
  0.15467089350022900     
  0.49563690099249980     
   6.6435874347023360E-002
 -0.43775889731413409     
   4.7773340272405825E-002
 -0.47199432557431281     
  0.26618696747599407     
  0.20508813989349950     
 -0.35584597094737430     
  0.17281287759487599     
  0.28501240059804378     
 -0.21546649225397624     
  0.38690065645391719     
   9.8703115442068626E-002
 -0.29885901212174110     
  0.25429170883641977     
 -0.18663876421526862     
  0.49797987241300379     
 -0.19434475388830691     
  0.22819764677678270     
 -0.31965430801393196     
  0.38203674309252600     
   8.0927669861893953E-002
   6.6882016284003892E-002
  0.23008740959927818     
  0.43700826861996833     
 -0.14870339933459958     
 -0.47158878056555048     
 -0.30333058493156800     
 -0.41777034533725171     
  -6.2265725275147510E-002
 -0.14357028978607508     
  0.44112933236769319     
 -0.49877903609894797     
  0.26393779451417809     
 -0.42669078614657674     
  0.12854970899042217     
  0.13192318741649675     
 -0.34133675088835830     
  0.16666454272098477     
   1.7933808643562824E-002
 -0.41487357215335208     
  0.47503724961899146     
  0.47587922432185159     
 -0.18238343769538776     
 -0.44991489374255550     
  0.10997804875323237     
 -0.22288207860585593     
  0.42200180325488673     
  0.42139585116469896     
 -0.35191579047422433     
  0.11809830740383458     
  0.30371163928626227     
 -0.35740665084560674     
 -0.40778981835918965     
 -0.26029609892889183     
 -0.21180857164694311     
 -0.35023703897099046     
 -0.28633107363148447     
 -0.34577605480650631     
  0.34359589467323803     
  -7.4713432415762338E-002
  0.17994149783119584     
 -0.15208892105345562     
  0.44934258851384401     
  0.35367312503357606     
  0.49982251105299480     
  0.39037291001668339     
   2.4073878233472401E-002
   8.1830392350276893E-002
 -0.32114573003501201     
 -0.35488857414042174     
  0.25408959778429674     
  0.41291800607937257     
  0.27634486022033256     
 -0.14555277161783697     
 -0.15539275891485715     
 -0.12283753354878812     
  0.22089963401976309     
  0.40687655113044019     
  0.23529957803020407     
 -0.21211781066501667     
  -9.5889539197538287E-002
 -0.38677048905155287     
 -0.32321104931213251     
 -0.31428392417910622     
 -0.48759373533527639     
 -0.21212724335036537     
  0.31206075739681594     
 -0.44700956759420929     
 -0.19491563736936812     
  0.25973832986677348     
  0.30151106491403401     
 -0.16052154666915774     
 -0.31858216388883032     
  0.28255149733278617     
  -8.8236971239803008E-002
  0.40169129894067557     
  0.28685118970870682     
 -0.29005898734161695     
  0.35690905981944454     
  -2.0138890522021891E-002
   4.4451903595439823E-002
 -0.48920851248134722     
  0.44869669854358379     
  0.46703032988383514     
 -0.46720512216836191     
 -0.25495455246710358     
 -0.30643205811294610     
  0.40868532724926671     
  0.16506496124923228     
 -0.33940664266470405     
 -0.29409518122669798     
   4.8286841789017189E-002
 -0.35063346418383579     
  0.49635043376090021     
 -0.22698802445327806     
   1.1117493079080734E-002
 -0.48264475662167217     
 -0.41926591518231110     
  0.26428683785698359     
 -0.12769342686860613     
 -0.28391334976867949     
   8.8594531645863700E-002
 -0.35002707760230262     
  0.45852571597863900     
  0.41373694357450286     
  0.25847191792481428     
 -0.32948829506731303     
 -0.19860522427934413     
  0.29076851714788632     
 -0.23206047901339175     
  0.17082914034158905     
   6.7218322196475097E-002
  0.48391004397384452     
  0.41101022042593099     
 -0.47116740860057460     
  0.25107977525840369     
   8.5393394614889345E-002
  0.42352967917151035     
   9.5792593630390416E-002
 -0.50824863337867587     
  0.35044000481543197     
 -0.44916024778346353     
   5.3048311938308480E-002
 -0.27648414000192378     
 -0.39006597241932905     
  0.33575220626943802     
  -1.2884262168337228E-002
 -0.22971432933301442     
  0.10110339153028092     
 -0.13157290833368557     
 -0.22142559406487289     
  0.10840627814700124     
  -3.3338139200409671E-002
  -7.5871475977234537E-002
  0.16084755392334124     
  -9.5473717609725700E-002
  0.28731981069569612     
  -4.5212317024909646E-002
 -0.47339751567744653     
 -0.20988698558965485     
  0.21695010763652253     
  0.11592409667945483     
 -0.31986370292534821     
  -8.8406049463941372E-002
 -0.23987960301184783     
  0.12969412442364389     
 -0.41624711333500619     
 -0.22996654175060088     
   2.6868950947808171E-002
 -0.17579043519566440     
 -0.25780161599735785     
  0.14478616781179426     
 -0.12440342524928925     
  0.35902852141776509     
  0.27331878765564399     
  0.38415076521344960     
  0.15092523603230601     
   6.8327591246711394E-002
  0.47782320588207772     
  -5.3811465082578724E-002
   2.5194537069885725E-002
 -0.36359174413226225     
  0.42518326196521739     
 -0.45108261052855458     
  0.34952998914038425     
  0.17422657315772550     
   2.8819788950452119E-002
  -7.7015843109955351E-002
  -9.5161849914684793E-002
  0.41643426187858634     
  0.31305863133148015     
  -5.7333581525111366E-002
 -0.40834081605687778     
 -0.46518175252140315     
 -0.49538333976437543     
 -0.29810202826048648     
 -0.19793533495949944     
 -0.49755951479159688     
 -0.46460136626294191     
 -0.30949578460078941     
   4.5070658032754674E-002
  0.34754965958681394     
  -5.8512998699191687E-003
   5.8926659921059832E-002
 -0.18661338239613123     
   9.9601502957022858E-002
  0.43888468552570625     
  0.41781403087728769     
 -0.18456503406234712     
 -0.41679070101921034     
  0.33930368386820392     
 -0.20909395423277757     
  0.42172834944532395     
   5.4514780945236284E-002
  0.20959288125271228     
  -3.4555490135519382E-002
  -3.8513308428243978E-002
 -0.28198193808293365     
   7.0720860695861990E-002
  -4.5714612432052812E-002
 -0.26318681822858703     
  0.23365061566938253     
 -0.38179419092485950     
  0.14989267234747269     
 -0.42847790894096505     
 -0.35957062562043146     
  0.14589521472965594     
 -0.48929084854782035     
 -0.30446648219294936     
 -0.31587662444159503     
 -0.24235749232273282     
  -3.4444004409870520E-002
  0.13794243742086185     
   5.9895162686411534E-002
 -0.39858591250799014     
   4.1128459900616463E-002
  -7.7703276798344989E-002
  0.16492523159672010     
  0.10898648412481203     
 -0.49665030406083122     
 -0.27151077368543081     
 -0.41425344420001747     
 -0.48757675395828715     
 -0.27518043025161681     
 -0.22947288330484414     
  0.36497679700655361     
  -2.0497065619743186E-002
 -0.14793451814645847     
  0.11282868000060826     
 -0.42434318254902764     
 -0.33216224622584112     
  0.42548398718525321     
 -0.39628793480422292     
  0.21675693007312785     
  0.19847428529229383     
  -9.8462979948075929E-002
  0.30597541790829691     
  0.56400095690467866     
 -0.28077750420595865     
 -0.47143072649326812     
 -0.17031179334589325     
  0.48505665063422082     
  -8.4233378038043635E-002
 -0.28812526906925701     
  0.14202823261488887     
  -2.2086701982129139E-002
 -0.31476166607602635     
  0.30143787052076493     
 -0.26758645199470271     
  0.43147744537256577     
 -0.32209215336158603     
  0.42624550815814433     
 -0.42098176125186609     
 -0.12434011619235213     
 -0.47787094648009149     
   7.9527923111425411E-002
 -0.19506051818591605     
   9.2897961451683650E-002
   8.7702521147868806E-002
 -0.25821116520335108     
 -0.35039804207538200     
  0.33112584338687995     
   4.1094503176033671E-002
 -0.10325852239434367     
  0.31045176225850651     
  0.48163199437787163     
  0.33998278531764414     
   6.2849233536715898E-003
 -0.35395295312157071     
 -0.44934070835770334     
 -0.45192894909389036     
 -0.21778911295316805     
   9.5498335015817282E-002
 -0.38925867001393655     
 -0.44951651391466951     
 -0.26401135661548991     
 -0.20164007245086257     
 -0.45338882790267643     
 -0.10195465497327361     
 -0.41022335480848338     
  -2.2348008821494569E-002
  -9.3495530702646379E-003
  -4.7155612518233747E-002
 -0.28547162586381480     
  0.36631092884444871     
  -4.5085258023671582E-002
 -0.43272073015163415     
  0.25110456430514483     
   2.9295406115103284E-002
 -0.49808022422468512     
 -0.17685822938406232     
  0.38050961595673621     
  0.29313608326274981     
  -3.8944005461172840E-002
  -3.9025769997904261E-002
 -0.46427480912163549     
  -1.7660895879557745E-002
 -0.38006767642149375     
  0.46316820169494000     
   3.7954371454012599E-002
  -9.0296339254283237E-002
  0.17190576591172152     
  0.26009856852504376     
  0.16580330643578020     
  0.10000589554977583     
  0.21548742302754387     
   2.3403799004151914E-002
   2.8084150398304173E-002
  0.29289960092010153     
  0.26287717860431020     
  0.36202105036278931     
 -0.43640235846784892     
  0.39764879964149930     
  0.37550741792773834     
  0.20704424865830967     
 -0.28772674926995928     
   5.3525668101073280E-002
  -6.9300233887448603E-002
  0.29689593380291257     
  0.18341497601181767     
   6.6943724118492767E-002
  0.30847708619841485     
 -0.41298347445404066     
  0.37826103810770390     
  -7.9288946395562609E-002
  0.31365098942944175     
  0.38368371094552950     
  0.62411125552502666     
 -0.15607158224550949     
 -0.34792850448543489     
 -0.28835395203402003     
   1.1043574885355971E-002
  -2.5297689830777771E-002
 -0.10596461931681574     
  0.10232908867501060     
   2.4326758745395867E-002
  0.58416472205753311     
 -0.32648039983198646     
  0.24782788884364887     
  0.39239799249428819     
 -0.41491354832534622     
   3.9734040452156755E-002
  0.30678872431628762     
 -0.10377805568325126     
  0.23473761335395110     
  0.17148986533649904     
   8.6232398798054721E-002
   6.3780311070172221E-002
 -0.50161701922777258     
  0.34002478710367279     
   9.3015251489180148E-002
  0.58210858827848688     
   3.3853314101393736E-002
 -0.25431025653081779     
 -0.19938591613347126     
 -0.15157884726185267     
  -8.4144067844542786E-002
  0.20482464667803255     
   3.9851346879295833E-002
  -7.2078078355237732E-002
  -2.3764817388856187E-002
 -0.23560422533736339     
 -0.25700392666900496     
  0.14898673982722707     
   9.9905386328166743E-002
   2.1888099553561621E-002
  -8.4873341821162351E-002
  0.46790682321077992     
  0.16138623541545619     
 -0.50777746612929542     
  0.46706669597688522     
  0.15995122304455567     
 -0.25629986793734499     
 -0.14402030150832698     
 -0.41381574862334430     
  0.56328267500199924     
  0.12387159811439521     
  0.39899418322126201     
 -0.39210809810387176     
  0.45898461660891682     
   1.8344681757326415E-002
 -0.47461638253798266     
  -2.9820081866179349E-002
  -9.2859161053027717E-002
 -0.23288770636281653     
  0.27330032142996141     
  0.47431902212830424     
  0.18620476941417285     
  0.39592093648783966     
  0.10309394871224131     
 -0.42872290462122942     
   1.8270739257741475E-002
 -0.47904019590162183     
   1.3937831319959626E-002
  -2.7337346077237590E-002
 -0.37436819240909380     
 -0.35205252451765157     
 -0.40298213419453832     
  0.45596776752979090     
  0.43520455210151943     
 -0.25254156521660115     
  -3.9673527976515762E-003
  0.41112400444991370     
 -0.17657508506672165     
   6.6364041164297727E-002
  -7.2910905761747580E-002
 -0.28021265852059418     
 -0.41022376135719779     
  -1.3253048760148755E-002
 -0.12942994965570384     
  0.44689721472136779     
   7.3942720338766851E-002
  0.50598575423367786     
  0.20918941033169089     
 -0.14193826097256634     
  -6.8885764568016053E-002
  0.27740704278350647     
  -4.4182219292859107E-002
  0.37501088332822446     
  0.29334970263305937     
 -0.13822069638706699     
  0.22194279028599906     
   1.0916180384548218E-004
  0.12270374349350124     
   2.5220613077751822E-002
  0.21144434936266543     
  -3.9273460826508649E-002
  0.14218067538421686     
  0.11589487738170473     
  0.26514484376206066     
 -0.38503734037600762     
  0.47874353926474705     
 -0.28818989998897626     
 -0.20766479427671830     
 -0.18307491330184145     
   7.5417941703037703E-003
  -4.2513256658623516E-002
 -0.46271909850602205     
 -0.29317324426617836     
   8.3757771180059296E-002
  -7.0051082757384073E-002
 -0.17308821931429988     
  0.10805172386338434     
   7.5534150382595006E-002
  0.35557064512573205     
  0.28332391741687885     
 -0.44582808065166135     
  0.17679132012289095     
 -0.14025245774197054     
  0.53258420688039498     
  -4.2476028095849494E-002
 -0.51230048951893981     
  0.26271259572011119     
 -0.10486705429224859     
 -0.60676576239615954     
 -0.17395534720660624     
  0.60574281284510101     
   5.8858904411739008E-002
  0.11137666260611527     
 -0.37486483488901151     
  0.57125724881260220     
 -0.24695078449077193     
 -0.15030528755286832     
   9.3240345034388064E-002
  0.51311293539689140     
   8.7466052266385777E-002
  0.25472861848061351     
 -0.30719394881583678     
   8.8784305103721997E-002
 -0.33494105138481128     
  0.24328944520770740     
  0.21763723095573292     
  0.58862440015087325     
  0.38608788675714129     
 -0.42922140621393862     
  0.20364687574398715     
 -0.19194416986828289     
  0.16704884044490825     
  -4.1109021558798066E-002
  0.75712966802156767     
  0.37672215928070224     
 -0.34955511708508891     
   9.8705268652252320E-002
 -0.22687395180016179     
  0.26573625821848618     
  0.27393673067516405     
  -1.5581483791585174E-002
  0.26673208537418985     
  0.35934971964410795     
 -0.36708473396814462     
 -0.23500447723279191     
  0.14952044585707477     
  0.14927512915192179     
  0.23520405045514212     
 -0.38290260191541686     
 -0.17717908502837640     
  0.43477848772404631     
  0.40501415025527426     
 -0.40858476948874450     
  0.46912789056663512     
 -0.47667459275402663     
   3.3899173046661533E-002
 -0.16855492815433626     
 -0.12452943945597561     
 -0.41347138734499789     
   9.2016120220976716E-002
 -0.43678114770779641     
  0.37348129058003288     
   8.3999721877795475E-003
 -0.24953061537527643     
   1.0713019444749977E-002
  0.17791884469501898     
 -0.32935892801718647     
  0.32805018986797374     
   9.7750940015636203E-005
 -0.46301540218846721     
 -0.18549354200477611     
  0.45781311661716523     
  -1.2309582433095561E-002
  0.32114846690668569     
 -0.30823469982234802     
 -0.43183672129432737     
 -0.25742377066955202     
 -0.36744373310004175     
 -0.42473292073200231     
  0.29010645429746751     
 -0.20296065799614302     
  0.20605126473347218     
  0.11805714160265580     
   7.3769630616923973E-002
  0.18302080731555645     
 -0.24138200625004672     
 -0.15284466371343980     
 -0.31182566173459386     
 -0.24135798518540749     
   8.7443107180586524E-004
  0.36976457890036202     
  0.15094566925902073     
 -0.30908452453794533     
   9.2953566397065007E-002
  0.20193743445229531     
 -0.37599348466675048     
  0.58171759118190625     
 -0.21204634176619899     
  0.31688852877898849     
   9.8566309079111486E-002
 -0.13392020629772458     
   3.5839742203617311E-002
 -0.17063294822294978     
 -0.38151340150918295     
  0.12676981736989343     
  -1.8205587412009849E-002
  0.21684869155220399     
 -0.22036369661122723     
 -0.47045590797316172     
   2.5505766436435102E-002
  -6.5771601754992096E-002
  0.18963549626938689     
  -3.7313831265758943E-003
  0.15038170913538795     
 -0.22972047549636548     
 -0.58161849155089018     
 -0.13713606532447306     
  0.47764192761415247     
  0.18327663488707507     
   3.3416804086817402E-002
 -0.13690885992556998     
 -0.21210160574038658     
  -1.6150985486112077E-002
 -0.29513217072946540     
  0.49214808794595960     
   2.8626890337509581E-002
  0.46535194104280281     
  0.24566830250680893     
 -0.36818588049823320     
  0.41806076668597836     
  0.54507587983939065     
 -0.49175338998508855     
 -0.29284800650684234     
 -0.26354290262153063     
   9.9985175960624326E-002
 -0.36070943984904746     
 -0.32700319936376115     
 -0.14454172564911899     
  -4.8456665185208775E-002
 -0.45532529843911868     
 -0.30977978165882758     
  0.28695858045650241     
  0.54271982542124553     
 -0.48862283126819389     
 -0.32092029871651806     
 -0.17594515437898567     
  0.30251351767913465     
  0.25394303327570150     
  0.51779014150248071     
  0.23266401814750429     
 -0.12914150607988487     
 -0.34771750503634757     
  0.34783290892505603     
   2.5277075668190922E-002
  0.37390636934240534     
  0.11380731942294328     
 -0.39675286032232671     
  0.24551719914241138     
  0.46682348217515229     
  0.28987406308491609     
  0.43999849629070431     
 -0.33461790554002152     
   6.6107086540002288E-002
 -0.49043865131515052     
   1.8385808015960532E-002
 -0.33636111629885979     
  0.26983726904799410     
  0.29108468644668622     
  0.47410340721652250     
  0.20795784274828408     
 -0.12694939196039703     
  0.19490200333583887     
 -0.11722601156906018     
 -0.41748182043033211     
  0.13751606593781499     
 -0.17058346010630993     
  0.41108539420298890     
   1.2465715588453451E-002
  -9.5878440958177512E-003
  0.28678030930324688     
 -0.12695265395365637     
  0.21113683200035105     
 -0.14467499224483035     
  0.18961622786638185     
  0.35894650782497722     
 -0.37710449338106022     
 -0.14789244711873881     
 -0.42352759696735842     
 -0.33676047554955130     
  0.13274125414682172     
   9.7745394899885263E-002
 -0.19662466219837632     
 -0.20961317756153516     
 -0.15250505896968020     
  0.36018645897153817     
   7.1670015904435391E-002
  0.43823996065531090     
 -0.12432104239785939     
  0.47316562920496230     
  0.12233039346028159     
 -0.14100445851236632     
  0.26844506598356871     
  0.47437770266312995     
  0.35061171366687016     
 -0.35643449831803076     
   8.1442564336929493E-002
  0.50288452043157361     
 -0.44510096147129652     
 -0.40799332193537291     
  0.60860427763411384     
  0.51615629836652877     
 -0.15504300295362042     
 -0.23725988809071746     
  0.13672770191516836     
  -3.3255044691921885E-003
 -0.24767590796124944     
 -0.24017417896929646     
  0.30738963608018749     
  0.44942529100038231     
   8.4480084289816973E-002
  0.28229799000062328     
  0.52578931573709509     
  0.11764097775748576     
 -0.59353410984298938     
   1.6967600022826549E-002
  0.64175421103860764     
  -3.7544986137095476E-002
 -0.66987814493130493     
   3.3321056489649406E-002
  -1.3704966611333625E-002
  0.11406542545605186     
   4.2649989243876751E-002
 -0.13408854451127569     
  0.18271273998503262     
 -0.43177659452357270     
 -0.26470113829229375     
  0.50110284650367565     
  0.30538419695497376     
   4.2270658442091789E-002
  -8.0483993531915536E-003
  0.17648454542889550     
 -0.22488095932556759     
 -0.42265909055931195     
 -0.28912702021401521     
 -0.42133605592305490     
  0.28873058537824370     
 -0.41907952063144444     
 -0.58264340167964368     
  0.21484393032019453     
  0.25162194147809008     
 -0.24859061911128397     
 -0.40061156593287212     
  0.10258974144580735     
  -9.9206455245979361E-002
  0.29529881844782574     
 -0.14631458638031319     
   2.6356720861931283E-004
  0.17282327123819916     
  0.23402120728968934     
  0.15421088541208236     
 -0.31884068423886580     
  0.55641785250038622     
   9.3701087372179706E-002
 -0.21877078768656186     
   5.5002200387276830E-002
  0.21985543810421260     
  0.25657681937438692     
 -0.42456180175421271     
  0.28287208657350216     
  0.19762879531997407     
 -0.45469793313332496     
  -5.8648966972870087E-002
  0.12977695187690561     
  -1.5318519187101533E-002
  -3.4949822159611489E-002
 -0.47167541160134963     
 -0.22774156458788763     
  0.10586981095395424     
  0.15358799513340135     
  0.30621421450914799     
   8.6859461696135995E-002
   9.8426008601619736E-002
 -0.10320347155638143     
  0.18182937750444569     
  0.45799650891091559     
 -0.13492061119414761     
  0.21535222747920854     
 -0.10453289848053933     
  0.22350387425746210     
 -0.16511453952379160     
 -0.47471565119718401     
  0.38977782697394253     
  0.24682345783129628     
 -0.20600373117833040     
  0.38784730101249532     
 -0.21843778071235126     
 -0.45213807203875023     
  0.10037139903969015     
 -0.26816129191109062     
   3.8739984983461109E-002
   5.5461677050412841E-002
   8.6032697180132827E-003
  0.45813388532375365     
  -4.4442028873656683E-002
  0.39139164577144808     
  0.41216474763424776     
 -0.46043074760911740     
  0.38672654461382405     
  0.29795225462578623     
  0.24773825775715372     
  0.39681050191380091     
   2.1222006319243866E-002
  -7.4844714573456969E-002
  0.23539032504184984     
  0.49332832980847702     
  0.21110873850279321     
  0.24015650436867100     
 -0.37264302997892657     
 -0.15277850344136468     
  -3.0228348689141454E-002
 -0.28625788424893495     
 -0.30731525323277736     
  0.56551911613194972     
  -5.5834107673377716E-002
  0.51956689224657959     
 -0.21742682156895551     
  0.64970342367951484     
 -0.58325015214828269     
 -0.23102784254529349     
  -2.5747223084033083E-003
 -0.32786833281228855     
 -0.16379368928800139     
  0.22575216320470953     
  0.33085621031325074     
  0.41059638131418558     
  0.10670019802278879     
  0.52153685261710625     
  0.49919250572923884     
   6.7621733720313271E-002
   6.6571456765970843E-002
 -0.33127156572978822     
  0.32626051601649853     
   4.9751723186377567E-003
 -0.42396075576564757     
 -0.42565961077464071     
  0.10858820470727620     
 -0.41403617976738005     
 -0.20603901996496624     
 -0.14865029305319249     
  0.19586170888190199     
  -5.5712345039434952E-002
   7.6077634708602251E-002
  0.37844139934061449     
  0.25518322418758332     
 -0.18564397986773640     
  0.34498507313522359     
 -0.33321563240823843     
  0.36247441134439401     
 -0.30618341949770617     
  0.23522774190646173     
  0.47045842473328009     
  -5.9350473061660421E-002
 -0.16088310802375594     
  0.36853673339122356     
 -0.47431917860990436     
  0.28972465914286072     
  0.13795468744503270     
  -3.5374836411417213E-002
 -0.14340802112433459     
  -1.8466548010911188E-002
 -0.32993634419760587     
 -0.17165991594664473     
  0.37697728257769164     
 -0.22118928994101381     
 -0.29825769665752278     
  0.37643919623981464     
   9.0757235133017047E-002
  0.37931045054116813     
 -0.65108023577876883     
  0.44286306602024222     
  0.38897967948515388     
  0.54244302025889046     
 -0.11511336279877310     
 -0.53951796852392808     
 -0.37386181558952719     
  0.18651337964028403     
   7.0118643337655166E-003
   6.4165995117461266E-002
  0.13671851361366508     
  0.15682707573568752     
  0.20976143179501230     
  0.13308358979131757     
  -6.6597022847509860E-002
  0.39925199509494874     
 -0.28357278759901033     
   6.3602927802543022E-002
   7.5978033762514038E-002
  0.22054801901613452     
 -0.26570543156751331     
 -0.49768005993550229     
 -0.14274010783835725     
   6.7072781739235844E-003
  0.27159448842328088     
  0.43747215397777556     
 -0.15318451364754904     
  -7.0939729564205439E-002
  0.20782549980518428     
  -6.0522955197541820E-002
   3.2210450485434250E-002
  0.59089270375972003     
 -0.20362317025602519     
 -0.33632885355578618     
   1.1575418575864270E-002
  0.19399394511999957     
  0.33582592807304007     
 -0.15071821503930433     
 -0.17284676039701080     
  0.12366582323179473     
  0.19830973381168659     
 -0.16723811979961850     
 -0.46873051443286723     
  0.49339586996870133     
  0.46919333256674911     
 -0.46735204657899015     
 -0.28198710689149536     
  -6.0107279950729335E-002
 -0.27586364707178701     
  0.20329038749435790     
 -0.30291952785615228     
  0.52546354855246036     
  0.52109577521709549     
  0.24011126882848319     
 -0.11270143540575225     
  -7.4929021457474645E-003
  0.20060349497166424     
  0.30398585424743013     
 -0.17563109920538864     
  0.61990395427980460     
  0.50929007734546039     
 -0.17367182455550301     
  -6.6639925623944571E-003
  0.33163238134412043     
  0.10890989633582292     
 -0.36902545095571115     
  0.23807531142413879     
   4.5410739158973498E-003
  0.45362669571325664     
 -0.15111044893883718     
   7.9155031647481403E-002
  0.12323184658307119     
  -5.5754397517772794E-002
 -0.34750924416542484     
  0.59120345798848017     
  0.34311417967458324     
  -7.7725805379371557E-002
  0.29363217262730307     
   4.1063252493152552E-003
 -0.11546093508773182     
 -0.38677077349110622     
 -0.31324094791178558     
  0.33466356832803740     
 -0.42848742409653584     
 -0.39562687425617787     
 -0.30623174150934690     
 -0.17446757406234212     
   6.4161474324999981E-002
 -0.10853310763953580     
  0.21043256856867346     
  -8.1015482530518282E-002
 -0.34586667490735584     
 -0.44722810510468192     
  0.10529535407256305     
  -5.3208195487296633E-002
 -0.15104079575235591     
 -0.30411516948088363     
  0.13655423513957574     
  -3.3375048764667264E-002
  0.11051051228240165     
 -0.42398836545583457     
  0.29552166412164133     
   3.2047593968295075E-002
  -5.5775797541004882E-002
 -0.25471280723272299     
 -0.17441068071391716     
 -0.13401040399140296     
 -0.55415158575062173     
 -0.36375457584227944     
 -0.13201551670122205     
  0.13475810272317434     
 -0.11764442915994369     
  0.12333610653646471     
  0.10707513623981617     
  -5.4563999321998784E-002
   6.1247859542875559E-002
 -0.60415047847364456     
   3.8346799183208061E-002
  0.26706424943008694     
 -0.34081023397346355     
 -0.53659588880087061     
  0.41988355448941478     
 -0.46939752325206813     
  0.15583375909080863     
  0.44292276901740546     
   4.3487650921176915E-002
   9.8315788156924877E-002
 -0.11925581731291646     
  -6.2964068057821287E-002
 -0.11285338684442925     
  0.13533503365117722     
 -0.12987042057628750     
  0.20767290699520249     
 -0.21796657579166145     
 -0.15612004308346700     
  -8.6276910482095528E-002
 -0.17018488774065885     
 -0.37155887455366859     
  0.38173427627114487     
  0.22247659064908179     
 -0.19993972946451272     
  0.11186334062344466     
  0.32320016077837066     
   2.2991538274224638E-003
 -0.41989916906368296     
  0.21245662828944056     
 -0.27305189091449078     
 -0.33145857243374954     
   7.3202640611214884E-002
 -0.18922491928725940     
  0.21356663586755506     
 -0.23984864402503689     
 -0.19775089317455591     
 -0.21665817485992156     
 -0.10118819480686278     
  0.14018600613171489     
 -0.10944439153403951     
 -0.12330149016339820     
   3.7625726122076778E-003
  0.37071011488470229     
  -8.4147948370703204E-002
 -0.30977564078563224     
  0.21809301069598394     
  0.22647461022616772     
  0.64563123423774071     
 -0.31251251200244129     
  -5.6685795474040020E-002
  0.12212610146205528     
  0.34139184290301838     
 -0.42964666173013394     
  0.12903801818625754     
  -8.3382826531399321E-002
  0.39792434009890670     
 -0.17791686388180739     
  0.28681820813574854     
   2.5941376205609819E-002
  -7.5180260561101706E-002
 -0.42088741459862694     
  0.33709726184827993     
  -2.9476134587641142E-002
  -6.0039044777548893E-002
   1.4043523549784727E-002
  0.54718733370860073     
  0.11905062263976869     
 -0.22532616222676410     
  0.24671456148682328     
   3.0588337516774505E-002
  -6.3536752743835329E-002
   5.4184194990838638E-002
 -0.38707729319677631     
  0.55648334982068259     
 -0.10179433258203897     
 -0.64878697974957933     
   5.6497441166422281E-002
  0.22195093682604591     
 -0.44406648337510513     
 -0.34684138370488310     
  0.32005746968861259     
  0.38200386031405059     
 -0.16727787485893658     
 -0.51108327349299754     
 -0.37836372081671982     
  0.17147625069736422     
 -0.29853975907822017     
 -0.52954793199931482     
   7.8338317443588851E-002
 -0.15190942694544096     
 -0.36482478820553527     
  0.18042249747802061     
  -5.8311209640112410E-002
   8.8041667788098854E-002
 -0.66813665222640506     
  0.39997257754847537     
  0.48940008480152852     
  0.22310468251247112     
 -0.59036806640412587     
  0.18786097131459997     
  0.10046476304449611     
 -0.55373130004928495     
 -0.12844832775745602     
 -0.16628691845592805     
   6.0472438032881895E-002
   5.9892913809597619E-003
 -0.15725661502733521     
 -0.28587616222260559     
  0.16046879402976941     
 -0.37120250862793314     
 -0.39403870394907820     
  0.23563592095776745     
  0.12690500030470256     
  0.29544125647599745     
 -0.29985443916114535     
  -2.4698054057892068E-003
 -0.35833464165843171     
  0.48307567162991627     
  0.33252553587593536     
   3.1839193205936200E-002
  0.36728130652329660     
  0.32113818803704675     
 -0.41953882206401505     
 -0.39645306958820459     
  0.20060881647836692     
 -0.45740847005376539     
  0.42025648352893874     
 -0.47920249302978374     
  0.35178966109074578     
  0.42604272305606578     
 -0.47750824553484011     
 -0.29342793875396433     
   1.3119255288084863E-002
 -0.37542278895176784     
  0.37590485064016610     
  0.16673862239785400     
 -0.51433190072406221     
 -0.15046638242229368     
  -5.1675043202826974E-002
 -0.14527906702880619     
  0.47742450771931638     
  0.44990857664314443     
  0.13383183239221869     
 -0.35258633061978417     
  0.25672433895205915     
  0.46645549005560660     
  0.41499235782838090     
  -3.9963063670895575E-002
  -9.0110026079730565E-002
   2.6780095832201940E-002
 -0.11374868640294926     
 -0.17819159746470603     
  -9.1816062099496235E-002
  0.53712467786911933     
   5.6200154363557554E-002
 -0.23072866653866855     
   4.1277077704490892E-002
  0.23918365265145000     
 -0.20396365296524754     
 -0.20644912833212500     
  0.30285742852157371     
 -0.25912174054464093     
  -2.0005334635066794E-002
  -5.3833147031459860E-002
  0.36836782166316595     
 -0.26612591932447632     
  -4.9863016722835857E-002
  0.50400370506700454     
 -0.33150559455997480     
 -0.22178777759483925     
 -0.13237864119767742     
   4.7974146722782392E-002
 -0.22328828041756180     
 -0.42497353649019520     
 -0.28664278564021978     
 -0.23896443732121384     
  0.25972274971648179     
  0.81062090761173133     
  0.16547939772657122     
 -0.20472014927591606     
 -0.60174742888491672     
  0.18177444047952304     
   9.5629582401851015E-002
 -0.93111964055362417     
 -0.19811429960970348     
 -0.25187017659079913     
  -3.5278227217774231E-002
  -9.5286539398533640E-002
 -0.13367225439934671     
 -0.43958270871650551     
  -8.2979359406107803E-002
   1.6163922467045962E-002
 -0.25012623109481047     
 -0.23429564483359855     
 -0.25430664103181433     
 -0.28283993739300994     
   1.5459938103973860E-002
 -0.65509291508367229     
 -0.28747727045022220     
 -0.48712635099570362     
 -0.31294040030033016     
 -0.27056203142018931     
  0.23593718239820316     
   8.4989443258381772E-002
  0.16162882063844344     
  -1.6422190716096133E-002
 -0.38820618920341904     
 -0.46866920501163623     
  0.38386380376799090     
 -0.25263819291182754     
 -0.75680390596144875     
  0.52202416920968797     
 -0.26977172321489407     
 -0.33062127565357552     
  -6.8034622449350199E-002
 -0.40423080597564909     
 -0.10705384774820885     
 -0.27203124211152219     
 -0.40471944155749762     
  0.39999924809472392     
  0.19409462669346275     
  0.11454453975028506     
  0.29338177154420442     
 -0.29927137892283229     
  -1.7022979833768884E-003
 -0.15471467011785575     
  0.34127604635722747     
 -0.34897810680743024     
 -0.21206312517247797     
  0.33925752335968240     
  0.49069788923469293     
  0.28583810855942726     
   7.2817466329544445E-002
 -0.17881170894242937     
  0.46970810202100322     
  0.40681809838150629     
 -0.30861090085884291     
  0.19825191317906646     
 -0.15930636866176576     
 -0.11489017005232657     
  0.21109318869648327     
 -0.13770900623287957     
 -0.48890681394965391     
 -0.24631503716653025     
  0.12795651636792199     
  0.24048255057010165     
  0.13529243670147373     
   5.1382384216433055E-002
 -0.21801370009873336     
   5.3573306992121074E-002
   9.7432539622109099E-002
 -0.21451532297278986     
 -0.51203029971695457     
 -0.28281197751044546     
  0.43247338118690382     
 -0.52032836957534723     
  0.20104085319948523     
  0.18184862384750719     
  -3.3972601478442770E-002
  0.17193495168547179     
 -0.47865878746884716     
   5.5703425899352288E-002
 -0.47269854452774956     
  0.23701905879338855     
 -0.28092737709978816     
   6.5231688615674688E-002
  0.11435966858142124     
  0.20036482716907478     
  0.24330806138430747     
  0.11195744679695015     
 -0.12588599434390144     
  0.32068709835566955     
  0.33137605587488300     
  0.27651123457346527     
  -9.4151909561319871E-002
  0.51176378117834886     
  -3.5360631930729206E-002
  0.14568387197853569     
 -0.43045769844230081     
 -0.16158832803526682     
 -0.28292399084257702     
 -0.39609543344201154     
 -0.19615272460026639     
   6.2500734115782150E-002
  0.42294165144580176     
  0.41670930456423061     
  0.16211594620610006     
 -0.29680774800813892     
 -0.47974750164958807     
  0.12921606104600816     
  0.33712447045538807     
 -0.48785910735643762     
  0.16220246505972119     
  0.14463417113798724     
  0.13596407334777211     
  0.10437925066484062     
 -0.47990400586164395     
 -0.37794941955819744     
  0.14842933174961934     
 -0.48247511698521117     
  0.31755147014401203     
  -9.3255055098716930E-003
  -6.3008649377752315E-002
  0.28821745767628737     
  -7.1987352897513908E-003
   8.2426756491412428E-002
  0.32697943259539941     
   1.9750148497763954E-002
 -0.13213189601598141     
 -0.15028062444653845     
 -0.45537902063351848     
   2.2475195483028780E-002
  0.28084232037187468     
 -0.48886259262764092     
  0.25683043062385208     
  0.25227555755192904     
 -0.49836025834333869     
 -0.45696870020272551     
 -0.27145894327903042     
 -0.16102463801107186     
  0.16194824026063231     
 -0.59425213813055355     
 -0.50846779025113698     
  0.27150112369736562     
 -0.20272173098163934     
  -8.5894995733022853E-002
  -8.4756812448419538E-002
  0.10256625527568301     
 -0.25651566982002844     
 -0.13996411534795367     
 -0.26058863883994121     
  0.36583074220115191     
   3.1128448460659617E-003
 -0.34199774947752726     
  0.25859487258626762     
 -0.45858419953489071     
  0.30730349671620322     
  -1.6433672205586659E-003
  0.19656373562924026     
  0.14519597022070746     
  0.26721871167890848     
 -0.38126491627339654     
 -0.24781944595984873     
 -0.46607591975539142     
 -0.43176733836775316     
  -1.8919786827216178E-002
  0.39957835321555868     
 -0.29157955602047980     
 -0.19772941676622935     
  0.47719567977656346     
  0.17410979234207968     
 -0.44292628203358209     
 -0.46378620223541034     
 -0.46008919927665248     
   3.9342457108961885E-002
  0.45767406665144905     
   9.8079107653979203E-002
  0.33262384881458118     
 -0.25014372440816846     
   6.1421878710205741E-002
 -0.19040663905374922     
  -1.5350083489631213E-002
 -0.21758398585108188     
 -0.50462893623159322     
  -5.9133913118838505E-002
 -0.29659367120164087     
   2.1114329634091794E-002
  0.18921628479572994     
  0.12141166536343069     
   3.2096962532058348E-002
  0.30908842213707999     
  0.43435233521979566     
 -0.26513699614374725     
  0.39739352581895171     
  -1.6779570588041148E-002
  -3.2376955043060464E-002
  0.16366464987530788     
 -0.16872493658307697     
  0.30024991102375942     
  0.45016944580011004     
 -0.43772389371454901     
   7.0966353604469234E-002
 -0.22779722835169228     
 -0.46075887613136179     
  0.48950885847806119     
 -0.23966825478541301     
   1.3581832557012029E-002
 -0.26273469510782549     
  -3.0776481153639880E-002
  0.42092988447913871     
 -0.51953413856529096     
  0.43635044217972024     
  0.37373692474858028     
  0.27587724506655498     
 -0.40725025311854962     
  -3.8326633471172260E-002
  0.49022824289992661     
   3.8005574361981813E-002
 -0.11498517675576343     
  -8.3568991647662710E-002
 -0.40537115022070608     
  -9.4290442747090222E-003
  0.20700006112957509     
   4.2879007061698310E-002
 -0.62546078558478990     
  0.12553065763012541     
 -0.35633357034614377     
 -0.14120104545891052     
  0.26871188187606082     
  0.40329951872358288     
  0.21566165229156375     
 -0.11211541269703841     
 -0.14087868532461190     
   6.6028571906501451E-002
  0.40511760473493547     
  0.48397235339804484     
  0.13350278482467240     
 -0.20734751515459132     
  0.17386865841682603     
 -0.21766402698911885     
 -0.34743327585497102     
 -0.29197552923655651     
  0.57425644717347457     
  0.22188184070966746     
 -0.11720063464133881     
 -0.30336305507833322     
  -9.4260815980215934E-002
 -0.35484701177127131     
  0.21332674952838515     
 -0.23487790740501976     
 -0.62508300490225155     
 -0.27652599644500903     
 -0.34894666052226919     
 -0.36598460876340566     
 -0.55285000906469794     
  0.33736883763539532     
  0.18537365443108947     
   3.2167502178028579E-002
 -0.21187332515628066     
  -1.7817965505589312E-002
  0.22852271303409907     
  0.40913906151437784     
 -0.52617110598405270     
  0.55384856965323381     
   6.0818811964850096E-002
 -0.28874948629080299     
  0.38836938844447727     
 -0.19499805111753304     
   2.1039847504051971E-002
  0.32208655295940236     
  0.47465887619543201     
   4.1563609873543829E-002
   5.6385721204013535E-002
 -0.11978299635238654     
  0.38419715514802311     
 -0.16061201309279305     
  0.16650699876353903     
   9.0303795529820152E-002
  0.30679997036267115     
  0.25643045590462921     
 -0.25769661070977046     
 -0.17268235753514286     
  0.37815340692388039     
 -0.43609292323438487     
  0.46935176530318945     
  -8.3780881403526433E-003
  0.14575532780559478     
 -0.27514033428845308     
  0.15398833984393379     
  0.20294830637287270     
 -0.34229069059604172     
  0.46409452745760943     
 -0.42039886830726203     
  0.27139400473148551     
 -0.14158855285785044     
 -0.34766448477659195     
   9.4931419285650256E-002
  0.23722231726198081     
 -0.41221033477346303     
 -0.30243061411821132     
  0.14071931735969956     
  0.11621340737849459     
 -0.42053336112957457     
   4.1290655238786798E-002
  0.45874708229803457     
  0.41132098147538892     
  0.13468632905371739     
  -5.4160391945399781E-002
  0.31260902754100428     
  0.26115358899319946     
 -0.36772185984992922     
   7.6508735271491227E-002
  0.39045011964589571     
  0.16523138751528971     
 -0.19093169677675759     
 -0.22867085564148551     
  0.55015553630218750     
 -0.36386441462141322     
  0.29019913278273524     
 -0.10473961575893104     
  0.29500448700133225     
 -0.16473777654800481     
 -0.10378532520894825     
  0.22307964140365028     
  0.66903533061529330     
 -0.21207397715177179     
  -9.7794916423453088E-002
  0.22854234362249345     
  0.56838717838878872     
  0.26978078431592734     
  -3.4308439511873658E-002
   1.4460594535322025E-002
 -0.41901204193240094     
  -9.8237951218843753E-002
  0.26115137959388562     
 -0.50825007995445581     
  -4.7836566716976038E-002
  0.30875907675575137     
 -0.34107404494409849     
 -0.53134469024335607     
 -0.28754630425231975     
 -0.31659758082781481     
  -6.2582937463301930E-002
 -0.44641376204461725     
  0.42491850909370893     
  0.13517941734952618     
  0.24861379413055462     
   1.5915800785513442E-003
  0.25796924929142812     
  0.67629116737930728     
 -0.18966626144271362     
 -0.20422497867889694     
 -0.14252873366511898     
 -0.11898220049529365     
  0.20611656021341926     
   3.2917951626416794E-002
  -3.0981382802385670E-002
  0.16721625028428949     
  -9.9015424800664192E-002
  0.50685197894256440     
 -0.21577206252370729     
  -4.6345043915382599E-002
 -0.13712086592876715     
  0.41171671677700311     
  -3.1237570787645825E-003
 -0.49654296732716552     
 -0.28064900588819053     
   6.4430585228624604E-002
  0.36514004121519306     
 -0.65892764322641562     
  0.11231969173594529     
  0.42464338587202277     
  -8.2820865386102463E-002
 -0.31830577401734622     
 -0.15132245542494197     
   6.4361529890446925E-002
  0.49833502213397091     
  0.36036385240796015     
  0.12988384309919127     
  0.10715031849341990     
  0.28368278431552446     
  0.10651626307572140     
  0.10918476157540206     
 -0.22762396693961831     
 -0.13638296314751311     
  0.38147422374159690     
 -0.14864857181074276     
  0.14658364979855021     
   9.3815282271506040E-002
 -0.44857140414523955     
 -0.31316548527737764     
 -0.44248518363595113     
 -0.39883655828157361     
 -0.45923531153273156     
  -7.3202753617080799E-002
  0.45277717067772238     
 -0.34698320099304752     
 -0.33229705974273882     
  0.48325425537082900     
   7.0871275524783325E-002
 -0.18622527476115142     
  -5.2560260639913245E-002
  0.42557834749316786     
 -0.28800528035424072     
  -3.1171395216091937E-002
   9.8448765846338923E-002
  -2.3309167744925901E-002
  -2.1463838315938597E-002
  0.38425937077899408     
   8.7191379625442211E-002
 -0.28919672427275239     
  0.18869910671126511     
 -0.42641704393661806     
 -0.37346445194436761     
  -6.7112249535952004E-002
  0.12442709962641116     
  0.33050616164282776     
 -0.27189355246765612     
 -0.38621493297278359     
  0.53239489661330996     
  0.12976711537888835     
 -0.17301739451700815     
 -0.18933566618104963     
  0.40647535712170335     
  0.39258054089510452     
 -0.53849619581175578     
  0.18633974169599138     
  0.22268441148564888     
  0.22881136389200576     
   1.8504819542874383E-002
 -0.20813515349775957     
 -0.12084431105815507     
  0.50026843476138716     
  0.19987191299958809     
 -0.55430009047912898     
  -3.3335978857090429E-002
  0.79713421943273355     
  -7.6755951896643082E-002
  -7.7601236333321971E-002
  0.31372829517160478     
  0.53924262919889132     
 -0.14745317410804057     
 -0.13461131814665042     
 -0.11402152795159519     
 -0.12758987567807101     
 -0.26962732732650568     
  0.17155840649716750     
  0.20087655153963552     
 -0.24267313122944467     
 -0.50388661575572091     
   7.2049881831835944E-002
  0.47655357995391084     
 -0.25573111870574133     
  0.20394226316184708     
 -0.17414314810682180     
  0.24424094525054632     
 -0.14897303208510670     
  0.26196728721477797     
 -0.16416681242946901     
 -0.26387645127502118     
  -1.3588231415387435E-002
  0.34427749808653635     
   5.9727641454094364E-002
 -0.15607128542729118     
 -0.41748015922463366     
  0.25468461802376191     
   2.4052507652687780E-002
 -0.42049081777024921     
  0.14407302099539709     
  0.27167581571650623     
  0.38678527719697758     
  0.46433689773545306     
  0.33536401522637971     
  0.22946551986995764     
  0.20037817000092317     
  0.21221558112317498     
 -0.52890043064617653     
 -0.50433487480275263     
 -0.24681128206111297     
  0.15873741537007435     
 -0.33557490386446104     
 -0.14469829276736224     
 -0.13423030566373631     
  0.53264163442474932     
  -9.4233496488120197E-002
  0.36591179160965287     
 -0.28713307213729800     
  0.38376769927222665     
  0.48727790035800578     
 -0.46126715063440538     
  0.22403997916422186     
 -0.11218160137155492     
 -0.43443180803456843     
 -0.33761477129243495     
 -0.49275465720677342     
  0.21112150573886743     
  0.20310427432529604     
  0.10600465456509794     
   4.4318721146071556E-002
   7.6913601028657921E-002
  0.46089382443576538     
 -0.31422394892942240     
 -0.19648507643210111     
 -0.39873454267325059     
 -0.16056435939906533     
  0.22593141745969025     
   8.7409237258049610E-002
 -0.47400934417543228     
  -2.4335610230705851E-002
 -0.25588317514480680     
  0.34432627071349919     
  -8.4313697881120628E-002
 -0.47658047918467156     
  -1.4989448921586225E-002
 -0.24158198520075155     
 -0.49226754853139965     
  0.41698401621911185     
 -0.27840678674880920     
  0.29333702592326083     
 -0.26718927173649509     
  0.12758370880597475     
 -0.14666327155700173     
  -9.3266196406589771E-002
 -0.32986065284729937     
   7.5120993169668929E-002
  0.20748330813559349     
 -0.89893183163964119     
  0.45580026319154537     
  0.35113350995530274     
 -0.44940096399086471     
 -0.61558469643254154     
  0.23671780820385965     
  0.30548405912823490     
 -0.19014293600344334     
  0.22396063357545684     
  0.60319131550475868     
 -0.48501925479170971     
  0.13897793462615510     
  0.39141070241401527     
  0.70536176224142788     
  -9.4708771466390507E-003
   8.1881835862977537E-002
  0.36869171785648003     
  0.29701066754922278     
 -0.12637817908036919     
 -0.44098743082264541     
 -0.33764577303822990     
  0.66826368160583016     
  0.10862784835686766     
   6.2738618085841413E-002
 -0.30001951718857189     
  0.42118069144336551     
  -5.3251487643573181E-002
  0.13844492041392681     
  0.19391190863741428     
  0.35354040997701497     
 -0.10444672436667937     
 -0.19798775737965271     
  0.19601835485810196     
  0.49285648882651240     
  0.39360350007327233     
  -5.6842748378162555E-002
 -0.18184516812259977     
  0.21098466615342254     
 -0.37274314899575939     
 -0.17676760125648147     
  -3.8148416121059507E-002
  0.33183211569874033     
 -0.25426026504796834     
  0.11153313785098028     
  0.24765572540409628     
   8.5900164866307919E-003
 -0.13614670975285251     
 -0.41139936134453048     
   2.3245357983215819E-002
 -0.18301011010809462     
  0.27401450585496051     
 -0.18539255500944193     
  0.22486103082407952     
 -0.39961364740955452     
 -0.16385481222106910     
  0.12565185875330964     
 -0.25561581302959729     
  -3.6155750849194424E-002
  0.21312218672158612     
   1.7056232205825930E-002
 -0.20051451815236157     
  0.37299432562953821     
  0.38756668369732100     
  0.14362705329706107     
 -0.29192294730116836     
 -0.17387691504372635     
  -6.2586767465856619E-002
   9.6493992969389264E-002
 -0.44037058436385501     
   7.9546408918328218E-002
 -0.30164235743042073     
 -0.52922138120543050     
  0.30894850545199593     
  0.54126332505028796     
  0.42325404133144323     
 -0.16504606786966747     
  0.43024038029841644     
  0.38643641346780300     
  0.31523089440369195     
 -0.33771378661301282     
  0.27484860671868749     
   4.0155693766727597E-002
   4.4522608402010132E-002
  0.46298024245559594     
 -0.19468567259182004     
  -8.9132030027547202E-002
 -0.16578206986824670     
  0.38013969569124195     
 -0.29542234398017386     
  0.12447434186688433     
  -9.3802967627491851E-002
   3.8233530670420679E-002
   9.9252459374664426E-002
  0.15888461372838247     
  0.22027054545365032     
  0.19735421261135333     
   3.8087918382360364E-002
  0.18288571238337833     
 -0.47179758694759971     
  -6.4991723426868708E-002
  0.15193288756623693     
   7.3022806488969014E-002
   1.3210310876882554E-002
  0.19951301500385168     
  0.11107399925623740     
  0.40562591473364851     
   2.2409322273190773E-004
 -0.43506191385701670     
  0.21328222222231369     
  0.22991044406006178     
 -0.16818527395983113     
  0.23466956629536947     
 -0.35768510875010390     
 -0.34063807835777549     
  -2.2301811173140139E-002
 -0.25255155607030066     
  -9.2607431010182178E-002
  0.53698822558096104     
  0.20349046196618378     
  0.22892376283701521     
  0.15585215792605062     
  0.51012336354818633     
  0.25566811571222881     
 -0.27665684328294982     
  -8.2072943457001155E-002
  0.30896254974625997     
  0.40897057873676074     
 -0.37098094832816714     
 -0.21887966086694369     
  0.69124432442367434     
   8.5548263947607464E-002
 -0.17005912074775381     
  -6.1360527406316243E-002
  0.26288410948389973     
  0.23551541450741698     
 -0.30743136306881058     
 -0.11857009805429049     
  -3.9695759171633850E-002
 -0.36851622540552498     
 -0.31671327703475083     
 -0.13500640467997799     
  0.29853193255668159     
  -6.5604892507486065E-002
 -0.14409702082873022     
  0.14021333267539085     
  0.12869966679717632     
 -0.18336702712332900     
  0.25006840466221797     
  0.30109386202919902     
  0.18560881518406466     
  0.18491372652682198     
   3.3370127427218239E-002
 -0.17903853843536691     
  0.60609420078998233     
  0.38462658414005274     
  0.40249074154967918     
  0.41182909008147095     
 -0.37841126832243183     
  0.34711845269967390     
 -0.34087260270354086     
 -0.22460208875144727     
 -0.11445496607870007     
 -0.46161425275998674     
   3.7352044298722846E-002
  0.23468642359425110     
  0.35809297157515152     
  0.22895608030808995     
  -1.3911571224337697E-002
  0.41229324000438194     
  -8.9101223580100031E-002
  0.15505596211834322     
  0.24639572077016816     
 -0.10752680933262226     
  0.37920525442285785     
   8.0549012535815728E-002
  -6.5291014056761743E-002
  0.25644355614449937     
   7.0912000492434277E-003
  -1.7241684858253808E-002
 -0.60912180805122507     
   4.1493214087584156E-002
 -0.17376783923495395     
   1.4194723273596378E-002
 -0.57428392699566444     
 -0.52754299601490129     
  -7.3355123467879840E-002
   7.4411553297771783E-003
  0.24962600734581170     
 -0.49418995485534623     
  0.10639148715727664     
  0.34136828865142632     
  -2.2706636800391471E-002
  -2.4988097893882871E-002
   1.6691984500704609E-003
   7.5150639703999260E-003
  0.33201926548672467     
  0.44204810106146208     
  0.47039522633342851     
 -0.32631022215188221     
   5.8013065347447212E-002
  0.38606905087789833     
  0.29490039776646937     
 -0.49006592422618389     
 -0.31389648845144080     
 -0.36580009972580141     
 -0.16469390839789655     
  0.48990600859530176     
 -0.45020788146768892     
  0.11518341677497768     
  -6.1435112308350907E-002
  0.28514444001819866     
  0.33374781745130139     
   5.7644467303456688E-003
 -0.48000231787349273     
 -0.46400829046019343     
  0.43038717426115031     
  0.23322578314228534     
 -0.53022456025051634     
  0.41863842978207394     
 -0.15519406539520134     
 -0.39809483087667880     
 -0.32513550245039180     
  0.16365656073049284     
  0.15790354638431811     
 -0.25484879326582011     
  0.35793216120358268     
 -0.26658986765959036     
 -0.13042640918284409     
 -0.49809942345011854     
 -0.40774081798975259     
  0.50576390019280371     
 -0.48733142514186850     
  -1.1430577963483641     
  -3.8961182837289929E-002
  0.41986490505822910     
  -4.5660650084598978E-002
 -0.71565965971923962     
  0.62673039911040207     
  -3.5675732862404469E-002
  -7.9920947540860612E-002
 -0.27415241162405735     
   6.9018600233897859E-002
   6.3474651390198700E-002
 -0.29432276704211441     
 -0.27928552642854931     
  0.69384355785051199     
  0.28305512515786857     
 -0.28006575649984883     
 -0.59854971336809182     
  0.20290005138945247     
   1.1301292202848196E-002
  -3.3215651095751059E-002
 -0.49431760488992099     
 -0.22365088663258142     
 -0.22201961325013003     
 -0.25275814424263859     
 -0.12373239184353435     
  -8.0371154184427807E-002
  0.57518887377811023     
  0.29116778325122183     
 -0.16579516335009517     
 -0.10432836482812512     
  0.20428369353642159     
  0.36240023876423960     
  -7.5490023938981729E-002
  0.10803060807594281     
 -0.47555242538389175     
   1.1621106612458833E-002
  0.30446175935168918     
  0.29958678516677550     
  0.23723126021952351     
  0.23035893808200836     
   2.6568117788231333E-002
   7.9267303439717218E-002
  0.32455594607372945     
 -0.37029501613278992     
 -0.16778046111508496     
  -7.4417386892392870E-002
  0.23276353287953122     
 -0.16711190503583390     
  0.29432390463028008     
  0.42137553255241073     
  0.33365230104849913     
   5.0998501039241216E-002
 -0.36981548316882795     
  0.69115321250417050     
 -0.27732481200041670     
  0.15231154622225748     
  0.19362079848544275     
  0.13698235916635301     
 -0.31537031233724333     
 -0.19501164900631629     
 -0.30418477626359869     
 -0.13306327469738141     
  -3.9773491453947242E-002
   6.0185062182825017E-002
  0.18743421465200202     
  -6.9739992430005754E-002
  0.26534597420252443     
 -0.25996203583807082     
 -0.45340149114359451     
   3.0128936597702338E-002
  0.21718584354201828     
  0.12036644666432332     
  0.47021182634314307     
 -0.43790288218503404     
  0.22959556041839083     
  0.48002560322184806     
  0.29552480020986738     
  -8.2930518690526561E-002
   6.3600228083081675E-002
   9.0455582948203106E-002
   2.4199514727829552E-004
 -0.19367404443594716     
  0.31593762459363339     
 -0.33274360151273685     
 -0.35054434635471798     
  0.23121660103829533     
  0.39978718561949245     
  0.33553501080427117     
  0.15461006468889527     
  -6.4262523343066091E-002
   6.5746243059175598E-003
 -0.38360998439776511     
  -2.9946580805232409E-002
   3.9575820080312726E-002
  -5.8205248115141231E-002
  0.14900471277426780     
  -2.8799107987209943E-002
 -0.21398901367544262     
 -0.17178794849835902     
 -0.43163733657797970     
 -0.10077788490788714     
  -7.7163821184144443E-002
   8.7657355207437296E-002
  0.23127989883866001     
  0.12938404523879188     
 -0.23315428591321302     
 -0.23256487392617292     
  -8.9014776872757717E-002
 -0.30201462958422065     
  -6.5962199942259478E-002
  0.52641074191537141     
   6.4979942417670924E-002
 -0.50888488311145441     
  -3.0921724764931616E-002
  0.25671462545749474     
 -0.15561433699662916     
  -1.0100064176638972     
  0.31752654008955172     
   4.9797855975330908E-002
 -0.11462489441009696     
 -0.61316448729778639     
  0.30111704986199445     
  0.48748371431665816     
   3.2943069203630188E-002
 -0.70923449059287624     
   1.5911354624337491E-002
 -0.10702265203968833     
   3.8784828139261221E-002
 -0.38491500042437027     
  0.12557261366442221     
 -0.41454388704167910     
  0.27781231346535007     
 -0.65299696040839073     
 -0.79258729865212851     
  0.11619871721132287     
  0.21244365160479964     
 -0.35193195250664916     
 -0.11691297227552701     
  0.51068141496138064     
 -0.22845657526696386     
   3.2745659416251243E-005
  -8.7437679486907630E-002
  0.62961401947744722     
 -0.32792605052717932     
 -0.49050013019829708     
  -9.6536504921906463E-002
 -0.23275714102085296     
  -3.4457202374848339E-002
 -0.22924722838883879     
  -9.8659174744987602E-002
 -0.26203801610710648     
  0.40066732860219362     
  0.48453978281982790     
   2.8466009687629391E-002
  0.22353760381475538     
   8.1138403362527173E-002
  0.13112250140177772     
 -0.34179030322484427     
 -0.31223605281512734     
   7.1689911177256524E-002
  0.34161261344018112     
 -0.16581329775159520     
 -0.42868260092202298     
  0.14674020193620033     
  0.26161414262957078     
  0.36766950375081658     
  0.10002892912541800     
 -0.19147656171845426     
  0.36986897917893780     
 -0.24563428290665346     
  -4.7578222815095619E-002
  -6.4329836117443667E-002
 -0.20381012499842718     
  0.44300907944116796     
 -0.21313576257851147     
  0.35846225421342576     
  -3.5307930433611516E-002
  0.24573184677143892     
  0.42082176709827357     
  -1.3932660464851167E-002
  0.27205449950517568     
 -0.47703754115097730     
 -0.27521193536215932     
 -0.23634365625139586     
  0.10580557604788789     
  -4.6821747347425537E-002
 -0.25592029000285982     
 -0.48560618664396538     
 -0.11138090343391069     
 -0.35384211526218651     
 -0.33460364289118666     
   6.3008816546273216E-002
   9.5084405674470407E-003
  0.43198537825759598     
 -0.46933784564377290     
  0.34147431558517094     
 -0.15386076909290780     
  -5.0642820072296812E-002
 -0.18277977925500333     
  -7.2894039954004272E-002
 -0.22649678484024452     
  0.14108244418117269     
  0.20726030543124588     
 -0.41006057427382159     
  0.11311373657379095     
   5.3222272447159817E-002
   7.1169502548118588E-002
 -0.12122981103351836     
  0.12637751238325667     
  0.21894850032740709     
  -6.5737096055291334E-003
 -0.10668613744847055     
  0.15805589248770230     
 -0.23533842635919441     
 -0.36545986791523410     
  0.18560000880547595     
 -0.26154169148569772     
  -4.4015232945790933E-002
  0.41443871633155444     
   6.5356453173851914E-002
  0.26791486059785130     
 -0.46002599643479575     
  0.34505658669663170     
   2.7712430718951553E-003
  0.40686692889891812     
  -3.0733009001207987E-002
   4.7854899004922860E-002
  0.39102120742984686     
 -0.50532674869083216     
 -0.44848904796188210     
   9.7581178770204627E-002
 -0.23167703954289223     
 -0.36255059425655178     
 -0.26932185469934217     
 -0.48117299754953624     
 -0.26413261152924761     
 -0.27750906608129888     
 -0.52518293330166121     
 -0.27117348811164393     
  -3.0647268300153609E-002
 -0.10656020765423602     
 -0.13003853690658623     
  0.14822589390184535     
 -0.15217684650661992     
   1.2485752060827735E-003
  0.17966240721407292     
  0.29759616014541401     
  0.46230649387441436     
  0.12308905772030866     
  0.23058566533652503     
 -0.21361123354207415     
 -0.38910036277776017     
 -0.56274929339125490     
  0.53866352781201798     
  0.33500994086559449     
 -0.13582115460884797     
 -0.17464800016232293     
  0.43334746775934518     
 -0.36085791958689167     
  -1.4810709091798916E-002
 -0.32580858247856137     
  0.21922172664394426     
  0.49539642285208946     
  0.23686885221486989     
 -0.40761684347330712     
  0.40547425344792792     
  0.15394704562762762     
 -0.26542405392020146     
  0.21552369102262978     
   8.6348365494287413E-002
  0.27669932368003536     
 -0.53001204844703742     
 -0.13189906652001537     
  0.52307539860170604     
 -0.35228721643905714     
 -0.22939784158114476     
 -0.14814623308256605     
  0.16067931633099403     
 -0.40040569223017708     
 -0.45056763096374963     
  0.11208264329915078     
  0.52853437955170979     
   8.2739273672060229E-002
 -0.13250181624777541     
 -0.15971746559319036     
  -9.2144051363773682E-002
  -1.0309254913819061E-002
 -0.10188236538928384     
  0.23251229050239822     
  0.44077081946991115     
  0.19716655801189528     
  0.39415961438030639     
 -0.37468878288573454     
  0.22549031229836636     
 -0.30203978899217260     
 -0.24424820113633147     
   2.4503146694608829E-002
  0.10531443767230073     
  0.43310601205377508     
  0.15497928092251390     
  0.43269253706256205     
 -0.20012224174440252     
 -0.27819375857834927     
  -7.0661853059964530E-002
  -8.5642697381381860E-002
  -3.7434708815986317E-002
  0.21379964497680604     
 -0.13088700677666698     
  -3.9394959584618028E-002
  0.20903888098856405     
  0.44584154468480153     
  0.31658268095178638     
 -0.41870638115946562     
   2.4672001602911220E-002
 -0.37505371306666679     
 -0.40774939047699976     
  0.30178440366715409     
   6.1752297588105701E-002
   4.5958740462554389E-002
 -0.31888376761612541     
  0.56521993878879773     
 -0.45933993348565982     
 -0.12056861671450281     
   1.1136178622327901E-002
 -0.22340492295940106     
   7.0788007502381609E-002
 -0.20483738940610752     
 -0.14934076083539591     
  0.45596511059161765     
  -1.9857748925570660E-002
 -0.31985689903643111     
  -5.9379270817627894E-002
 -0.13503149730402700     
  0.16592501004288360     
  0.34091979151988383     
 -0.53170747836771215     
   3.0065698365420699E-002
 -0.14601136833852779     
  -6.1011559063254887E-002
  0.27168720097339810     
  0.10606159145472933     
 -0.27896338398781845     
   2.0543942194838523E-002
  0.26609907433901625     
  0.37900540199343757     
 -0.31386021636564970     
  0.37417341790817832     
  0.13391341532231305     
 -0.36301258777333378     
 -0.35116331273277951     
  -1.7724761857926943E-002
  0.16432110457782467     
  0.35834421856974896     
  0.43142726625171013     
  0.20290736344506610     
   2.3803063886690682E-002
  0.16934326130379740     
  0.30682744878037888     
   6.6947893057236307E-002
 -0.24449770381592542     
  0.20609026920670237     
  0.35519308361036217     
  0.21210817136837959     
 -0.19780891534485240     
  -8.7520091425219715E-002
 -0.24455994566540445     
  0.21286609003269152     
  0.44361628287450233     
   1.6481559956369411E-002
  0.16255331934421241     
  0.11830483406541850     
  0.17987886820645371     
 -0.60424919725206105     
 -0.27701210640303503     
 -0.30795890652349722     
  -8.6383297781720728E-002
  0.16066873547220112     
  0.41761306601265891     
  -8.0225501821949097E-002
 -0.21930574011615031     
 -0.48055161556784759     
  -8.9737431104301366E-002
 -0.17350713854770561     
 -0.21695567752733663     
  0.13636531824200687     
  -6.5345476220696155E-002
  0.36981570726372354     
  0.50614141343656072     
 -0.29557465984035564     
   1.3911345603440052E-002
  0.19268367485657439     
 -0.45946678120426893     
 -0.14582021859111693     
 -0.20530477810337236     
  0.45103667086384952     
  0.24192528327332743     
   3.2532934927897446E-002
  -5.7905664110259021E-003
   7.9297113322887788E-002
 -0.27856785368552739     
   2.6517701449850953E-002
 -0.15956335610633096     
  0.47555466638602956     
   4.5818068516948723E-002
 -0.39985465344419180     
 -0.32380725832983137     
 -0.42178185503923787     
 -0.17502670933559089     
 -0.20460151131245122     
  0.29096033261788196     
  -2.9728177523717109E-002
  0.20765945074583847     
   5.0999582539543731E-002
   5.0326666021499267E-002
  -6.5293053737558449E-003
 -0.48703984608889572     
  -6.9088851120416739E-002
   9.5193338665589100E-002
 -0.18573662008467740     
 -0.31743681172613314     
  0.46852846774887835     
  0.45679169548095722     
   7.1106743548554618E-004
  0.47583317547432280     
  0.29008535822468490     
  0.18960194099960576     
  0.28022959912694012     
 -0.18723356996078555     
  -4.7701762078023865E-003
  0.18854276123345345     
   1.1411695690184688E-002
  0.41724522467144615     
  0.25433950069439265     
 -0.41548427134486304     
   9.1224173195055880E-002
  0.29824624178563325     
 -0.47060476904331539     
 -0.43488093436920955     
 -0.29154914726908226     
  0.10401501490812075     
 -0.28664204691573492     
  0.22034546095483207     
  0.31514705667725285     
 -0.51304409754765934     
 -0.42413093935539548     
  -7.1784487641810252E-002
 -0.17554796048135815     
  -1.0044979663385573E-002
  0.36221015393946532     
 -0.44111811021596459     
  0.27991608604380991     
 -0.40078840732671372     
  0.39000718426747905     
   4.8102903023185067E-002
 -0.27357348467657105     
  0.15398349069957243     
  0.34873352590680107     
  -4.3671593780883970E-002
  0.33794257813441336     
  0.13420416936375310     
 -0.28264975726655078     
 -0.14796969723980535     
  0.38503333586360572     
 -0.21466727410458838     
   9.0271910264031169E-002
 -0.25351796488363337     
 -0.15966376262097470     
   1.8340557354376848E-002
 -0.41138928874983244     
  0.56467119244627584     
 -0.33631796840458494     
  0.16631120994006116     
  0.16436010507193105     
 -0.25265447410544234     
  -9.5672607067085413E-002
   9.8341808494073632E-002
  0.41227879089005032     
  -6.9778506037876012E-002
  0.31027574136054176     
  0.44435035537403023     
  0.36178666794889514     
  0.28557063537650829     
  0.41655601927189528     
  0.14440917819325808     
 -0.27293484029123066     
  0.57279893818044547     
  0.34951347626539314     
   3.2562728447729575E-002
 -0.62579477882871859     
  0.70253716597621174     
  0.27948986355330740     
 -0.35541500404366450     
  0.34220877714856796     
  0.61908103017202853     
   6.5773950823698635E-002
  0.26289372088260921     
  0.13080388250459987     
  0.30644449553616837     
  0.12078878403776701     
  -5.0510911774231615E-002
  0.30959386946384310     
  0.58266693711688966     
 -0.35225926589073497     
 -0.29522799989585896     
 -0.43375388964907269     
  0.52378371195297135     
   9.9094106270874241E-002
 -0.19996866593153265     
  0.31795553819252392     
  -3.0612188386868150E-003
  0.23103808204098816     
 -0.44207135908627776     
  0.27900714978028901     
  0.18330139044897747     
  -2.8334006786185632E-002
   5.8718666637023277E-002
  -9.1673067304224976E-002
   9.8897992907434812E-002
  0.33480691190729167     
 -0.20247805960495227     
  -3.1278920596620026E-002
  0.23506956101857834     
 -0.25804938909323705     
 -0.33784481643912245     
  0.27470428584449746     
  -5.7718942809167340E-002
  0.35660290163941322     
 -0.14662075655057671     
 -0.15204505980855554     
  -6.0041241221885810E-002
  0.25495603176681836     
 -0.33130168846895547     
 -0.18049259143086260     
 -0.32861723146078836     
  0.45058237918829491     
  0.41225594023853929     
  0.42402850634711109     
   4.0384523961676990E-003
   8.4720397547815046E-002
 -0.11641970316230695     
  0.18955052460051877     
  -6.4622863587930304E-002
  -6.4834116005615186E-002
 -0.14181488372254544     
  0.35106506969829621     
  0.11730989804467694     
  0.15386532065896361     
 -0.23377005774870499     
  0.25294748244367143     
  0.12546065061363404     
  -4.9500718167555344E-002
 -0.45819796209885172     
  0.42963877145917101     
  0.20154634743755906     
 -0.22184334033679196     
  0.25441668091447794     
  0.62342657883108532     
 -0.46742976165309164     
  -9.6961209820581790E-002
 -0.16357968650728835     
  0.40813340698815498     
  -8.5258870904769593E-002
  0.30696624431653208     
  0.22834113949019186     
 -0.10390907268812351     
   3.2365100078108812E-002
  0.46147252918327125     
  0.42068148721544768     
  0.35673760557954048     
   6.9469577361038468E-002
 -0.23485932083648381     
 -0.19927299229417561     
  -7.2784741612473614E-002
  0.32992019497834568     
  0.32070391520374553     
   8.9487096607114097E-002
  0.21910352542404574     
  -8.9849153719403219E-003
   8.3634305862757455E-002
  0.29310584556079766     
 -0.13963585175472343     
 -0.10937984506176113     
 -0.42066196558664948     
 -0.13938587709132422     
 -0.13596449676352299     
  0.66329489880025616     
 -0.35795210720652260     
 -0.19239520519170042     
  0.14403248093584553     
 -0.12290906159268056     
 -0.44106473294245407     
  0.47708324375558536     
 -0.12023560476855680     
  0.47997758721708561     
  -7.6313925266453767E-002
  -5.8601883038830731E-002
  0.37948488779324624     
  0.60058489294501816     
  0.27041234521816937     
  0.45710239801043462     
   7.2725658571065666E-002
   5.5718937288349070E-002
 -0.36020757011821525     
  0.17928763712575399     
 -0.13468757048352528     
  0.49465917349168209     
   4.0942943695522604E-003
 -0.42510624847046852     
  0.39614384202570041     
  0.27147410413320444     
 -0.22619355329937105     
  -3.3222576452857942E-002
 -0.16402112596482402     
 -0.38568859920927889     
  0.31890835412992513     
   1.7056632548068155E-002
  -2.3033067616915537E-002
  0.20908803267507126     
 -0.27839906313303303     
 -0.50997781934874564     
  0.23534067672571435     
 -0.39905908973991538     
   4.4901751899283464E-003
 -0.32568148969198268     
  0.13359177744010728     
  0.18035738482110347     
  -6.1078493851841803E-002
  0.25576277727421193     
  0.41397152168792006     
  -1.0238571815847034E-002
   8.3601672937302751E-002
 -0.34444015175838072     
  0.23540852062943315     
  0.45404878526716991     
  0.27404650157021737     
  0.45441382162841448     
  0.48363615387171000     
  0.45983884467016700     
   9.5802183636335858E-002
  0.37180886180865813     
 -0.22260582281492169     
  0.42954310404314833     
  -1.4391864799921383E-002
   4.5923293599164805E-002
 -0.34061277943074930     
  0.22249705990928881     
  0.23002915236177901     
  0.37817091136120129     
  0.45913330034375777     
  0.32573848491362811     
  0.12187479789523048     
  0.11228019808695103     
 -0.47539915950653083     
 -0.13143739674297111     
  0.42488020891191852     
  0.12119455326650161     
  0.26195085226993603     
 -0.32155653239533172     
  0.18126444771649899     
 -0.36270946260087844     
  0.20360687091964416     
  -5.0076892110117427E-002
 -0.27925359254403642     
  0.43502050872850073     
   4.4022906988398405E-002
 -0.57638872114630679     
 -0.10143652378095752     
 -0.29066026554325203     
 -0.10113756040128338     
   6.2751025554373119E-002
 -0.57081263501887713     
  0.25428026575350776     
   7.2960444580250389E-002
  -2.4529432375328890E-002
 -0.15950756424827525     
 -0.47817355411873153     
   5.4648331039222113E-002
 -0.33778400777210760     
 -0.18985567041394219     
  0.23716589669811722     
   4.0258711228785410E-002
  0.10561533071966440     
 -0.27232530165827895     
  0.17624640002450084     
 -0.37132279283259040     
   4.5981912434247534E-002
 -0.50960721586571944     
  0.24666414956861984     
  0.17877369960649611     
 -0.17166192112759690     
  0.15131045568174131     
 -0.27658744381492362     
  -1.7308314760921664E-002
  0.25525851316620307     
 -0.24215928551575067     
 -0.45448250784743122     
  -5.3032323865220485E-003
  -5.3188974560018414E-002
 -0.33017144581121360     
  0.12681329307739880     
 -0.42819402595794998     
  -9.9000425487384427E-002
  0.46353906545255824     
  0.19356486932972819     
 -0.47146488273329529     
  0.41169537771589226     
  0.10323875432245662     
   6.1591325209859472E-002
 -0.25983283772277083     
  0.11099762368670762     
  0.31873058580719088     
  0.32809529204850751     
  -9.3584600047405139E-002
 -0.24464892936295005     
 -0.21341007654286809     
  -9.9741207520351663E-002
 -0.19187058470129162     
 -0.30103836902519349     
  -8.1612491712203333E-002
 -0.11314505381407788     
 -0.21384435973224172     
 -0.21314576121543494     
 -0.47668168703197833     
 -0.24774132592522549     
 -0.14589633075908529     
 -0.36872514336396967     
  -4.8538662723252378E-002
  0.35253309711996611     
  0.45022148930699302     
  0.33837522161938655     
  -4.9250071536325594E-002
  0.30572987659014533     
  0.40251169533339592     
  0.16345619054246960     
  0.27345094146965326     
  0.20745487042864427     
 -0.39355472994947760     
 -0.31902853771252349     
 -0.28353472282710596     
  0.25531084652995395     
  0.34749430881111809     
 -0.44495798555510724     
  0.19957727952784210     
   5.7096138274175812E-002
  0.48525585603329513     
 -0.20457671297778446     
  0.16153803231141017     
 -0.24791511914495035     
  -4.0958381539695110E-002
  0.26751796731587463     
  0.45781117813017758     
   5.8897505670954198E-002
  -7.5759560479639165E-002
  0.44916228112046641     
 -0.44555057745143023     
  0.33544929666014123     
  0.10401467902973827     
 -0.16267844067265513     
 -0.32060177260823230     
  0.27469217970415127     
  -2.4024139201666794E-002
 -0.20774138057491109     
  0.19085927595713448     
  0.17584620538893200     
 -0.42598415421673935     
 -0.29227784846466154     
 -0.35331685479656988     
  0.42979613874218642     
  0.27435186216057356     
  0.38681961945801696     
  0.34863138984947178     
  0.19965460834278578     
 -0.35274193757992595     
  -3.6393455844529174E-002
  0.29968640491706849     
   6.3112834331296067E-002
  0.56332404362413357     
  0.18723529348347268     
  0.13777903743886324     
  0.49166705427153323     
  0.60913206065199266     
 -0.65200796386062632     
 -0.57058449711634407     
  0.50388244604460719     
  0.27226791987376348     
  0.16258054652667930     
   4.2259043179435650E-002
 -0.11578762910615220     
  0.10886900566537197     
 -0.57245700104925468     
 -0.23591843733533324     
  0.77882328082357877     
  0.26086117335779374     
 -0.53611809053308523     
 -0.31224842460707164     
  0.58645541996711192     
  0.15048706857121993     
   5.7647694855222496E-002
   9.7361655894384225E-002
  0.73380869843758589     
  0.73503768772489275     
  -1.1816151864375643E-002
 -0.70637050816303693     
  0.29030635196723026     
   6.6586178316667702E-002
 -0.42674812528380851     
  0.18577413611962051     
  0.74155943048675033     
  0.75362356794699037     
  -8.7704410576788811E-003
 -0.53091740763507000     
  0.65000336058262309     
  0.14356966429400975     
 -0.42633985909532213     
 -0.12497723829301670     
   4.4931549717640296E-003
  0.84117532385626592     
   3.3471492462568649E-002
 -0.53244400198028619     
  0.71895727600307846     
  0.79168631223701602     
  0.22628363273734781     
  -3.4964008762878501E-002
  0.49250945854778483     
 -0.10499394149636752     
 -0.21192246368997625     
 -0.23469442340267718     
  0.46613869821171039     
   6.8602623027992273E-003
 -0.24805687313517255     
   3.5828968155522480E-002
  0.21600910537271528     
 -0.22492817784574626     
  0.16338137412538697     
 -0.52833247671210026     
   5.4931843603420648E-002
 -0.19077685956913853     
  -5.0902080734635570E-002
 -0.55961128574002983     
 -0.24320609373128790     
  0.10887061054708837     
 -0.10471780324378017     
 -0.10257127806627572     
  0.33996411783044961     
  0.22471159754746300     
  0.19299570912133793     
  0.41401567356826141     
 -0.21215753636782461     
 -0.24753697945834005     
  0.24376680528068778     
  0.48893094311245117     
  0.10185320176621049     
 -0.12748001762160366     
  -6.1305049888079166E-002
  0.36209835874795326     
 -0.38676722676346087     
  0.34269383335747150     
  0.30569879029493940     
  0.13957746885146405     
 -0.32927182621203643     
  0.27811583513880189     
 -0.48552680800164860     
   4.4816617046484319E-002
  0.29372648777425681     
 -0.13616384850283569     
  0.35003907599867912     
 -0.23773151065888032     
  0.20161963840660158     
  0.16552847153340133     
 -0.30128526910669839     
  0.38180675268850284     
  0.34078570643639716     
  0.34321850164042955     
  0.22240168648946024     
  0.32882677393051774     
  -1.6142564542920731E-002
 -0.22845516442169594     
  0.42614560961151737     
  0.23172823223971614     
 -0.30964124568963625     
  0.46726091991864011     
 -0.46380246567976435     
  0.17517645397103029     
  -8.9840214789412703E-002
 -0.23026554761925042     
  0.22617983638240938     
  0.41554364504413077     
  0.15714962344219452     
  0.26906651046548274     
  0.28125094316064209     
 -0.11467556856018496     
  -7.7106541179110755E-002
 -0.29727960735439912     
  0.29713539794057003     
 -0.32573566980478241     
 -0.39292832769692643     
  0.18683184038604181     
 -0.28613345437340182     
 -0.23276612226631338     
 -0.24315653128225659     
  -1.0409416683539716E-002
 -0.22565165614449009     
 -0.44653093435408192     
  -1.5781001003424718E-002
  0.43058192655915783     
 -0.18247586763936680     
   1.8298450662346796E-002
   8.4197177774668064E-002
  -4.8925691236564234E-002
 -0.39233557109752332     
  0.21776495913051722     
  0.31678125073535557     
  0.13156613634515296     
 -0.25409841142272094     
 -0.34469464534627492     
 -0.35540155078023994     
   1.9042620115998159E-002
  -8.8193424059461022E-003
  0.22244823604211361     
 -0.29787170446852579     
  -3.3894613825388678E-002
 -0.11871022569407146     
 -0.53364386121907581     
 -0.28236035935253467     
  0.45262541722789656     
 -0.31530257587329574     
 -0.31611868667787446     
  0.30081864322669782     
 -0.24289373059322139     
  0.23813526284545239     
   1.6885572638818035E-002
  -1.4217545768964659E-002
  0.44533081821102138     
 -0.37562616544082544     
 -0.20891745157317651     
  0.15652626143233780     
 -0.15639691434867825     
  0.32693272896685882     
 -0.44430088270675261     
   3.9750077147359938E-002
  0.38585510427811398     
 -0.31570662004697886     
   8.9731859571818659E-002
 -0.26547512222279263     
  0.32138622470844558     
 -0.28132097358027419     
 -0.30540793226073970     
 -0.19478685873264875     
  0.60654288018722569     
  0.34250122776814607     
 -0.19843436451698590     
 -0.13740468075598963     
 -0.21058759427101742     
  0.32712221806450481     
   2.3130464860774209E-002
 -0.44923042016849896     
  0.42787118991908724     
  0.26043235692836847     
  0.32807268443297538     
 -0.39169089676383706     
  0.13910556195962598     
 -0.48612758910330689     
  -8.1303375251386423E-002
  0.23098856344576779     
  0.34099960499582505     
  -2.3962114786982625E-002
  0.42815169176751056     
 -0.27065656141628147     
 -0.20575571437368734     
 -0.42222160307959278     
 -0.49969625784790839     
 -0.31180126719336121     
  0.20743902331222697     
  0.25366662610363311     
 -0.38345071504589112     
  -4.9025841348619870E-002
  -8.6314399883566706E-002
 -0.12978613328542532     
  -9.0600077205471585E-003
   2.0003960559152656E-002
  0.20075973644932477     
   8.1375256101344329E-002
 -0.12505029169648307     
  -1.0189736718243969E-002
  0.27353239583010547     
   4.2520254497362964E-002
  0.14166326837844434     
 -0.12365763602443969     
  0.40346312609665957     
   8.5850666422815580E-002
  0.18644143679923075     
 -0.21849253093537591     
  -7.9981806631619468E-002
   8.2782547279111940E-002
 -0.37852775719429188     
 -0.41631198279732057     
 -0.17448382438285745     
  0.10464151193455039     
  0.22539327890126420     
 -0.13781661027163022     
 -0.19544120682242999     
   1.3943039811433867E-002
  0.13710061856641553     
  0.42884517678550010     
  0.33300289095672081     
  0.12244973865354908     
  -8.1363985061623859E-002
 -0.37214869452735833     
  0.36456287075672944     
 -0.33849253885753655     
   4.5727673561775942E-002
  -3.3351082812335529E-002
  -2.3560982970512359E-002
  0.44642327078828897     
   5.3206626475804666E-002
 -0.20322815389847870     
   9.6432699742189709E-002
 -0.50176182048113915     
 -0.11110585262840514     
  0.41018735681641783     
  0.40283473624331301     
 -0.14978372178997920     
 -0.47344242241209977     
  -9.1510090051148213E-002
  0.13390450465942402     
 -0.39995646030464949     
  0.45486330745577802     
  0.12633351838804457     
  0.49363090288281636     
  0.40827049262239140     
  0.22837679872246941     
  0.33898434877096528     
 -0.13836033269411213     
  0.44642487129284575     
 -0.42370057238404468     
  0.31001500311035451     
 -0.46434989688666151     
  0.21705081837975590     
 -0.22364574162078674     
 -0.42485852294427340     
  0.48883799662060096     
 -0.12368128779653337     
 -0.35384451641052894     
 -0.42909606263213201     
 -0.42391040295097676     
  0.35618335764412856     
 -0.25249886240199765     
   3.7456836535791439E-002
 -0.27491028622695318     
  0.25886676530930919     
  0.35620588619886029     
  0.42333728513199154     
  -4.7203507686164041E-002
  0.45180523144066187     
 -0.34427627774637198     
  -2.8129328166854244E-002
  0.30957859750549765     
 -0.39761466029287656     
 -0.47359238650767732     
 -0.10396293105712420     
  0.38972473280662040     
 -0.40709930396709709     
  -6.0438463942605165E-002
  -3.2589800296049846E-002
  0.33215238484589238     
 -0.28674385566256794     
  -5.2615591896725135E-002
  -7.6880207656248145E-002
  0.44903190933839554     
  0.16624478803740583     
 -0.20853238977613830     
 -0.27072033722298805     
 -0.18153671174467489     
 -0.24951218076816817     
   5.1399450677205749E-002
 -0.31868375266016569     
 -0.22450946459042653     
  -1.1134828003320885E-002
 -0.28448965299317186     
 -0.16897130416655515     
  0.14401509459042494     
  0.36202419198828328     
 -0.10629094142634754     
  0.37276431964481027     
  0.41013855067123051     
  0.26406102829705658     
  0.22622352660799039     
  0.17892114873687942     
 -0.20926206795148219     
 -0.37219753011781287     
 -0.14849851729704608     
   2.3027773424219862     
   4.5726472135388461     
  -3.7078617849086903     
  -1.6214657622872815     
  0.91625112215887250     
